5
26 224 180 48 243 166 84 139 245 141 63 29 69
131 36 180 173 127 243 94 127 155 126 200 62 239 84 105 17 50
134 71 62 22 215 206 130 135 135 19 252 87 231 113 245 233 59 139 248 100 189 24 70 253 255 245 87 50 47
251 175 80 215 52 157 49 252 116 37 133 248 33 122 103 255 143 136 40 50 202 255 141
75 176 154 227 157 173 86 216 233 52 55 250 208 129 57 22 244 153 151 129 64 104 131 22 253 196 239 190 175 202 60 46 79 44 241 211
73 154 155 46 168 134 224 58 130 233 248 33 150 123 208 37 66 35 74 244 67 37 123 32 176 151 205 253 25 175 210 34 46 211 169
160 138 81 224 22 217 60 156 164 114 249 147 210 152 196 239 29 86 140 147 164 98 179 131 75 186 245 140 238 187 101 54 253 169 198 25 201 118 26 75 118 215 79 154 216 192 186 32 234 76 125 83 167 250 197 224 42 230 235 42 229 210 169 91 109 44 62 166 231 217
179 208 230 173 25 37 192 207 81 117 43 65 236 156 246 61 138 70 147 87 76 239 35 115 132 173 153 127 60 33 153 162 247 147 108 222 221 245 39 77 108 238 89 183 195 253 102 190 156 215 225 119 104 146 167 202 91 59 133 216 115 242 232 186 122 101 152 234 164 30 167 227 18 170 230 119 22 91 98 184 52 119 62 237
49 239 27 182 116 26 228 55 208 214 131 243 130 76 99 43 149 154 150 248 96 150 19 81 45 120 172 187 175 134 236 79 41 138 150 154 81 127 215 206 75 43 87 115 189 47 32 67 254 255 239 199 105 16 47 93 234 208 254 231 152 234 243 220 250 242 135 196 254 153 128 209 205 225 178 214 32 194 103 185 64 232 50 31 217 249 212 205 55 250 29 171 61 179 81 209 164 220 182 254 82 190 137 25 124 94 55 87 147 152 96 164 104 23 78 32 213 62 130
27 86 26 147 140 115 191 72 83 243 239 16 188 43 180 234 96 190 32 45 65 209 188 175 193 150 235 206 116 254 132 106 104 184 189 225 157 236 255 17 176 37 231 18 234 48 146 233 254 204 66 250 197 254 129 209 197 247 60 214 51 185 90 143 66 217 192 246 101 235 171 139 224 249 123 44 231 220 250 162 94 242 167 66 153 68 56 96 185 250 118 55 194 32 108 46 241 255
